-91,0,0,0,0,0,0,0,0,0,0,0,0,-91,0,0,0,0,0,0,0,0,0,0,0,0,0,0,
-91,0,0,0,0,0,0,0,0,0,0,0,0,-91,0,0,0,0,0,0,0,0,0,0,0,0,0,0,
-90,0,0,0,0,0,0,0,0,0,0,0,0,-92,0,0,0,0,0,0,0,0,0,0,0,0,0,0,
-83,0,0,0,0,0,0,0,0,0,0,0,0,-83,0,0,0,0,0,0,0,0,0,0,0,0,0,0,
-83,0,0,0,0,0,0,0,0,0,0,0,0,-83,0,0,0,0,0,0,0,0,0,0,0,0,0,0,
-86,0,-92,0,0,0,0,0,0,0,0,0,0,0,-86,0,0,0,0,0,-92,0,0,0,0,0,0,0,0,0,
-86,0,-92,0,0,0,0,0,0,0,0,0,0,0,-86,0,0,0,0,0,-92,0,0,0,0,0,0,0,0,0,
-90,0,0,0,0,0,0,0,0,0,0,0,0,-90,0,0,0,0,0,-92,0,0,0,0,0,0,0,0,0,
-80,0,0,0,0,0,0,0,0,0,0,0,0,-80,0,0,0,0,0,0,0,0,0,0,0,0,0,0,
-80,0,0,0,0,0,0,0,0,0,0,0,0,-80,0,0,0,0,0,0,0,0,0,0,0,0,0,0,
-88,0,0,0,0,0,0,0,0,0,0,0,0,-90,0,0,0,0,0,0,0,0,0,0,0,0,0,0,
-87,0,0,0,0,0,0,0,0,0,0,0,0,-87,0,0,0,0,0,0,0,0,0,0,0,0,0,0,
