-88,0,-91,0,0,0,0,0,0,0,0,0,0,0,-88,0,0,0,0,-92,0,0,0,0,0,0,0,0,0,0,
-88,0,-91,0,0,0,0,0,0,0,0,0,0,0,-88,0,0,0,0,-92,0,0,0,0,0,0,0,0,0,0,
-88,0,0,0,0,0,0,0,0,0,0,0,0,-88,0,0,0,0,0,0,0,0,0,0,0,0,0,0,
-88,0,0,0,0,0,0,0,0,0,0,0,0,-88,0,0,0,0,0,0,0,0,0,0,0,0,0,0,
0,0,0,0,0,0,0,0,0,0,0,0,0,0,0,0,0,0,0,0,0,0,0,0,0,0,
0,0,0,0,0,0,0,0,0,0,0,0,0,0,0,0,0,0,0,0,0,0,0,0,0,0,
0,0,0,0,0,0,0,0,0,0,0,0,0,0,0,0,0,0,0,0,0,0,0,0,0,0,
0,0,0,0,0,0,0,0,0,0,0,0,0,0,0,0,0,0,0,0,0,0,0,0,0,0,
0,0,0,0,0,0,0,0,0,0,0,0,0,0,0,0,0,0,0,0,0,0,0,0,0,0,
0,0,0,0,0,0,0,0,0,0,0,0,0,0,0,0,0,0,0,0,0,0,0,0,0,0,
0,0,0,0,0,0,0,0,0,0,0,0,0,0,0,0,0,0,0,0,0,0,0,0,0,0,
