0,0,0,-68,0,0,-75,-88,0,0,-82,0,0,0,0,-88,-76,0,-74,0,0,0,0,0,0,0,0,-68,0,0,0,-76,0,0,0,
0,0,0,-71,0,0,-76,-84,0,0,-82,0,0,0,0,-85,-71,0,-76,0,0,0,0,0,0,0,0,-68,0,0,0,-71,0,0,0,
0,0,0,-80,0,0,-75,-85,0,0,0,0,0,0,-71,-85,0,-75,0,0,0,0,0,0,0,0,0,0,0,-71,0,0,0,
0,0,0,-71,0,0,-74,-85,0,0,0,0,0,0,0,-87,0,-81,-73,0,0,0,0,0,0,0,0,0,0,0,0,0,
0,0,0,-68,0,0,-70,-87,0,-85,0,0,0,0,0,0,-88,0,-82,-70,0,0,0,0,0,0,0,0,0,0,0,0,0,
0,0,0,-72,0,0,-70,-83,0,-81,0,0,0,0,0,0,-83,0,-82,-70,0,0,0,0,0,0,0,0,0,0,0,0,0,
0,0,0,-80,0,0,-70,-83,0,-81,0,0,0,0,0,0,-83,0,-82,-70,0,0,-73,0,0,0,0,0,0,0,0,0,0,0,
0,0,0,-74,0,0,0,-88,0,-83,0,0,-81,0,0,0,0,-87,0,0,0,0,0,-74,0,-79,0,0,0,0,0,0,0,
0,0,0,-79,0,0,-80,0,-87,0,-83,0,0,-81,0,-79,0,0,0,-86,0,0,0,0,0,-74,0,-79,0,0,0,0,0,0,0,
0,0,0,-73,0,0,-76,0,-87,0,0,0,0,0,0,-79,0,-86,0,0,0,0,0,0,-67,0,0,0,0,0,0,0,
0,0,0,-67,0,0,-76,0,-87,0,0,0,0,0,0,-79,0,-86,0,0,0,0,0,0,-67,0,0,0,0,0,0,0,
