0,0,0,-80,0,0,0,-75,0,-64,0,-83,0,0,0,0,-84,0,0,-75,-61,0,0,0,0,0,0,0,0,0,0,0,0,
0,0,0,-86,0,0,0,-69,0,-64,0,-83,0,0,0,0,-84,0,0,-68,-61,0,0,0,0,0,0,0,0,0,0,0,0,
0,-84,0,0,-82,0,0,-75,0,-54,0,-63,0,-80,0,0,-74,0,0,-80,-85,0,0,-54,-79,-62,0,0,0,0,0,0,0,0,0,0,0,0,
0,-84,0,0,-78,0,0,-64,0,-74,0,-47,0,0,0,0,-65,0,0,0,-85,-74,-47,0,-78,0,0,0,0,0,0,0,0,0,0,0,
0,0,0,-88,0,0,-84,0,-79,0,-47,0,0,0,0,-85,0,0,0,-78,-47,0,-78,0,0,0,0,0,0,0,0,0,0,0,
0,0,0,-74,0,0,-84,0,-76,0,-59,-71,0,0,0,0,-68,-85,0,0,0,-76,-58,0,-73,0,0,0,0,0,0,0,0,0,0,0,
0,0,0,-76,0,0,-68,0,-82,0,-58,-75,-76,0,0,0,0,-74,-68,0,0,-77,0,-83,-58,0,-76,-73,0,0,0,0,0,0,0,0,0,0,0,
0,0,0,-79,0,0,-68,0,-77,0,-50,-75,-76,0,0,0,0,-74,-68,0,0,-77,0,-76,-50,0,-76,-73,0,0,0,0,0,0,0,0,0,0,0,
0,0,0,-68,-88,0,0,-75,0,-77,0,-56,-81,-81,0,0,0,0,-81,-73,0,0,-77,0,-88,-76,-55,0,-82,-67,0,0,0,0,0,0,0,0,0,0,0,
0,0,0,-82,-88,0,0,-62,0,-74,0,-56,-80,-69,0,0,0,0,-78,-61,0,0,0,-70,-88,-55,0,-69,-80,0,0,0,0,0,0,0,0,0,0,0,
0,0,0,-80,-88,0,0,-62,0,-66,0,-64,-80,-76,0,0,0,0,-78,-61,0,0,0,-65,-88,-55,0,-77,-80,0,0,0,0,0,0,0,0,0,0,0,
0,0,0,-65,-85,0,0,-62,0,-74,0,-64,-78,-76,0,0,0,0,-77,-61,0,0,0,-74,-86,0,0,-77,-69,0,0,0,0,0,0,0,0,0,0,
