0,0,0,-65,-87,0,0,0,-87,-88,-89,0,0,0,0,0,-86,0,-87,0,0,-75,-85,0,0,-85,0,0,0,-65,0,0,-87,0,0,0,0,0,
0,0,0,-65,-87,0,0,0,-87,-93,-89,0,0,0,0,0,-86,0,-87,0,0,-75,-85,0,0,-85,0,0,0,-65,0,0,-87,0,0,0,0,0,
0,0,0,-65,-84,0,0,0,-87,-93,-89,0,0,0,0,0,0,0,-87,0,-75,0,-85,0,0,-85,0,0,0,-65,0,0,0,0,0,0,
0,0,0,-65,-84,0,0,0,-87,-93,-89,0,0,0,0,0,0,0,-87,0,-75,0,-85,0,0,-85,0,0,0,-65,0,0,0,0,0,0,
0,0,0,-80,-85,0,0,0,0,0,0,0,0,0,0,0,0,0,0,0,0,0,0,-84,0,-80,0,0,0,0,
0,0,0,-79,-85,0,0,0,0,0,0,0,0,0,0,0,0,0,0,0,0,0,0,-86,0,-80,0,0,0,0,
0,0,0,-82,-85,0,0,0,0,0,0,0,0,0,0,0,0,0,0,0,0,0,0,-85,0,-78,0,0,0,0,
0,0,0,-80,-85,0,0,0,0,0,0,0,0,0,0,0,0,0,0,0,0,0,0,-85,0,-80,0,0,0,0,
0,0,0,-86,-85,0,0,0,0,0,0,0,0,0,0,0,0,0,0,0,0,0,0,-85,0,-86,0,0,0,0,
0,0,0,-75,-85,0,0,0,0,0,0,0,0,0,0,0,0,0,0,0,0,0,0,-85,0,-76,0,0,0,0,
0,0,0,-75,-85,0,0,0,0,0,0,0,0,0,0,0,0,0,0,0,0,0,0,-85,0,-76,0,0,0,0,
